2
3
4
7
8
13
14
15
16
17
18
19
20
21
24
25
27
28
30
31
32
33
34
36
39
41
43
44
45
47
49
50
54
55
56
57
58
63
65
69
71
75
76
77
78
81
82
85
86
89
91
92
97
98
99
100
102
103
104
105
106
107
108
109
110
111
112
113
114
117
118
121
122
123
125
126
127
129
130
131
133
134
135
136
137
139
140
142
145
146
150
154
156
157
158
159
160
162
163
164
165
166
167
168
170
171
172
173
175
176
178
181
184
185
189
190
191
192
193
194
196
197
199
200
202
203
204
207
208
209
210
211
212
213
214
215
216
217
218
219
220
221
222
227
228
232
233
235
238
241
244
245
246
248
251
252
253
254
255
257
258
259
260
262
263
264
265
269
271
272
273
274
275
276
279
281
282
284
285
286
287
292
293
295
296
299
300
301
302
303
304
305
306
307
308
309
310
311
313
314
315
316
317
318
319
320
321
322
323
324
326
327
330
332
333
335
336
338
341
344
345
348
351
352
353
354
358
359
366
367
368
369
370
371
373
376
377
378
379
380
381
382
384
385
386
388
389
392
393
394
395
397
398
399
400
401
402
403
404
405
406
407
409
410
411
412
413
415
416
417
418
419
421
422
423
425
426
428
430
431
432
433
434
435
437
438
439
440
441
442
443
446
447
448
450
451
454
456
457
458
459
460
461
463
464
465
467
469
470
471
472
473
474
475
476
480
481
482
483
486
487
488
489
492
493
496
497
499
